Joao Silva da Costa
32178
clinica geral

Quadro de consultas semanais

Semana 1:

        2a   3a   4a   5a   6a
   8-9  -1    0    0   -1    0   
  9-10  -1    0    0   -1    0   
 10-11  -1    0    0   -1    0   
 11-12   0    0    0    0    0   
 12-13  -1   -1   -1   -1   -1   
 13-14   0    0    0    0    0   
 14-15   0    0    0    0    0   
 15-16   0    0    0    0    0   
 16-17   0    0    0    0   -1   
 17-18   0    0    0    0   -1   

Semana 2:

        2a   3a   4a   5a   6a
   8-9  -1    0    0   -1    0   
  9-10  -1    0    0   -1    0   
 10-11  -1    0    0   -1    0   
 11-12   0    0    0    0    0   
 12-13  -1   -1   -1   -1   -1   
 13-14   0    0    0    0    0   
 14-15   0    0    0    0    0   
 15-16   0    0    0    0    0   
 16-17   0    0    0    0   -1   
 17-18   0    0    0    0   -1   

Semana 3:

        2a   3a   4a   5a   6a
   8-9  -1    0    0   -1    0   
  9-10  -1    0    0   -1    0   
 10-11  -1    0    0   -1    0   
 11-12   0    0    0    0    0   
 12-13  -1   -1   -1   -1   -1   
 13-14   0    0    0    0    0   
 14-15   0    0    0    0    0   
 15-16   0    0    0    0    0   
 16-17   0    0    0    0   -1   
 17-18   0    0    0    0   -1   

Semana 4:

        2a   3a   4a   5a   6a
   8-9  -1    0    0   -1    0   
  9-10  -1    0    0   -1    0   
 10-11  -1    0    0   -1    0   
 11-12   0    0    0    0    0   
 12-13  -1   -1   -1   -1   -1   
 13-14   0    0    0    0    0   
 14-15   0    0    0    0    0   
 15-16   0    0    0    0    0   
 16-17   0    0    0    0   -1   
 17-18   0    0    0    0   -1   
