Ana Carolina Maia
44516
gastro

Semana 1:

        2a   3a   4a   5a   6a
   8-9   0    0    0   -1    0   
  9-10   0    0    0   -1    0   
 10-11   0    0    0    0    0   
 11-12   0   113   0    0    0   
 12-13  -1   -1   -1   -1   -1   
 13-14   0   -1    0    0    0   
 14-15   0    0    0    0    0   
 15-16   0    0    0    0    0   
 16-17   0    0    0    0    0   
 17-18   0    0    0    0    0   

Semana 2:

        2a   3a   4a   5a   6a
   8-9   0    0    0   -1    0   
  9-10   0    0    0   -1    0   
 10-11   0    0    0    0    0   
 11-12   0    0    0    0    0   
 12-13  -1   -1   -1   -1   -1   
 13-14   0   -1    0    0    0   
 14-15   0    0    0    0    0   
 15-16   0    0    0    0    0   
 16-17   0    0    0    0    0   
 17-18   0    0    0    0    0   

Semana 3:

        2a   3a   4a   5a   6a
   8-9   0    0    0   -1    0   
  9-10   0    0    0   -1    0   
 10-11   0    0    0    0    0   
 11-12   0   118   0    0    0   
 12-13  -1   -1   -1   -1   -1   
 13-14   0   -1    0    0    0   
 14-15   0    0    0    0    0   
 15-16   0    0    0    0    0   
 16-17   0    0    0    0    0   
 17-18   0    0    0    0    0   

Semana 4:

        2a   3a   4a   5a   6a
   8-9   0    0    0   -1    0   
  9-10   0    0    0   -1    0   
 10-11   0    0    0    0    0   
 11-12   0   112   0    0    0   
 12-13  -1   -1   -1   -1   -1   
 13-14  134  -1    0    0    0   
 14-15  116   0    0    0    0   
 15-16   0    0    0    0    0   
 16-17   0    0    0    0    0   
 17-18   0    0    0    0    0   
