Brenda Carvalho Costa
34623
cardiologista

Semana 1:

        2a   3a   4a   5a   6a
   8-9   0    0    0    0   -1   
  9-10   0    0    0    0   -1   
 10-11  544   0    0    0   -1   
 11-12  124   0    0    0   -1   
 12-13  -1   -1   -1   -1   -1   
 13-14   0    0    0    0    0   
 14-15   0    0    0    0    0   
 15-16  -1    0   -1    0    0   
 16-17  -1   549  -1    0    0   
 17-18  -1    0   -1    0    0   

Semana 2:

        2a   3a   4a   5a   6a
   8-9   0    0    0    0   -1   
  9-10   0    0    0    0   -1   
 10-11  213   0    0    0   -1   
 11-12  523   0    0    0   -1   
 12-13  -1   -1   -1   -1   -1   
 13-14   0    0    0    0    0   
 14-15   0    0    0    0    0   
 15-16  -1    0   -1    0    0   
 16-17  -1    0   -1    0    0   
 17-18  -1    0   -1    0    0   

Semana 3:

        2a   3a   4a   5a   6a
   8-9   0    0    0    0   -1   
  9-10   0    0    0    0   -1   
 10-11   0    0    0    0   -1   
 11-12   0    0    0    0   -1   
 12-13  -1   -1   -1   -1   -1   
 13-14   0    0    0    0    0   
 14-15   0    0    0    0    0   
 15-16  -1    0   -1    0    0   
 16-17  -1    0   -1    0    0   
 17-18  -1    0   -1    0    0   

Semana 4:

        2a   3a   4a   5a   6a
   8-9   0    0    0    0   -1   
  9-10   0    0    0    0   -1   
 10-11  436   0    0    0   -1   
 11-12  357   0    0    0   -1   
 12-13  -1   -1   -1   -1   -1   
 13-14   0    0    0    0    0   
 14-15   0    0    0    0    0   
 15-16  -1    0   -1    0    0   
 16-17  -1    0   -1    0    0   
 17-18  -1    0   -1    0    0   
