Carolina Cavalcanti Cunha
84563
cardiologista

Semana 1:

        2a   3a   4a   5a   6a
   8-9   0    0    0    0    0   
  9-10  245    0    0    0    0   
 10-11   0   235    0    0    0   
 11-12   0    0    0    0    0   
 12-13  -1   -1   -1   -1   -1   
 13-14   0    0    0    0    0   
 14-15   0    0    0    0    0   
 15-16  -1    0    0    0    0   
 16-17  -1    0    0    0    0   
 17-18  -1    0    0    0    0   

Semana 2:

        2a   3a   4a   5a   6a
   8-9   0    0    0    0    0   
  9-10  234    0    0    0    0   
 10-11   0   346    0    0    0   
 11-12   0    0    0    0    0   
 12-13  -1   -1   -1   -1   -1   
 13-14  245    0    0    0    0   
 14-15   0    0    0    0    0   
 15-16  -1    0    0    0    0   
 16-17  -1    0    0    0    0   
 17-18  -1    0    0    0    0   

Semana 3:

        2a   3a   4a   5a   6a
   8-9   0    0    0    0    0   
  9-10  213    0    0    0    0   
 10-11   0   456    0    0    0   
 11-12   0    0    0    0    0   
 12-13  -1   -1   -1   -1   -1   
 13-14   0    0    0    0    0   
 14-15   0    0    0    0    0   
 15-16  -1    0    0    0    0   
 16-17  -1    0    0    0    0   
 17-18  -1    0    0    0    0   

Semana 4:

        2a   3a   4a   5a   6a
   8-9   0    0    0    0    0   
  9-10   0    0    0    0    0   
 10-11   0    0    0    0    0   
 11-12   0    0    0    0    0   
 12-13  -1   -1   -1   -1   -1   
 13-14   0    0    0    0    0   
 14-15   0    0    0    0    0   
 15-16  -1    0    0    0    0   
 16-17  -1    0    0    0    0   
 17-18  -1    0    0    0    0   
