Douglas Azevedo Ferreira
23462
clinico geral

Semana 1:

        2a   3a   4a   5a   6a
   8-9   0    0    0    0    0   
  9-10   0    0    0   -1    0   
 10-11   0    0    0   -1   -1   
 11-12   0   348   0    0   -1   
 12-13  -1   -1   -1   -1   -1   
 13-14   0    0    0    0    0   
 14-15   0    0    0   -1    0   
 15-16   0    0    0   406  -1   
 16-17   0    0    0   -1   -1   
 17-18   0    0    0   -1   -1   

Semana 2:

        2a   3a   4a   5a   6a
   8-9   0    0    0    0    0   
  9-10   0    0    0   -1    0   
 10-11   0    0    0   -1   -1   
 11-12   0   357   0    0   -1   
 12-13  -1   -1   -1   -1   -1   
 13-14   0    0    0    0    0   
 14-15   0    0    0   -1    0   
 15-16   0    0    0    0   -1   
 16-17   0    0    0   -1   -1   
 17-18   0    0    0   -1   -1   

Semana 3:

        2a   3a   4a   5a   6a
   8-9   0    0    0    0    0   
  9-10   0    0    0   -1    0   
 10-11   0    0    0   -1   -1   
 11-12  674  679  458   0   -1   
 12-13  -1   -1   -1   -1   -1   
 13-14   0    0    0    0    0   
 14-15   0    0    0   -1    0   
 15-16   0    0    0   468  -1   
 16-17   0   346   0   -1   -1   
 17-18   0    0    0   -1   -1   

Semana 4:

        2a   3a   4a   5a   6a
   8-9   0    0    0    0    0   
  9-10   0    0    0   -1    0   
 10-11   0    0    0   -1   -1   
 11-12   0   124   0    0   -1   
 12-13  -1   -1   -1   -1   -1   
 13-14   0    0    0    0    0   
 14-15   0    0    0   -1    0   
 15-16   0    0    0   934  -1   
 16-17   0    0    0   -1   -1   
 17-18   0    0    0   -1   -1   
