Goku Tavares Batista
23456
neurologista

Semana 1:

        2a   3a   4a   5a   6a
   8-9   0    0   -1    0    0   
  9-10  133    0   -1    0    0   
 10-11   0   235   -1    0    0   
 11-12   0    0   -1    0    0   
 12-13  -1   -1   -1   -1   -1   
 13-14  213    0    0    0    0   
 14-15   0    0    0    0    0   
 15-16   0   -1    0    0    0   
 16-17   0   -1    0    0    0   
 17-18   0    0    0    0   -1   

Semana 2:

        2a   3a   4a   5a   6a
   8-9   0    0   -1    0    0   
  9-10  233    0   -1    0    0   
 10-11   0   467   -1    0    0   
 11-12   0    0   -1    0    0   
 12-13  -1   -1   -1   -1   -1   
 13-14  234    0    0    0    0   
 14-15   0    0    0    0    0   
 15-16   0   -1    0    0    0   
 16-17   0   -1    0    0    0   
 17-18   0    0    0    0   -1   

Semana 3:

        2a   3a   4a   5a   6a
   8-9   0    0   -1    0    0   
  9-10  367    0   -1    0    0   
 10-11   0    0   -1    0    0   
 11-12   0    0   -1    0    0   
 12-13  -1   -1   -1   -1   -1   
 13-14   0    0    0    0    0   
 14-15   0    0    0    0    0   
 15-16   0   -1    0    0    0   
 16-17   0   -1    0    0    0   
 17-18   0    0    0    0   -1   

Semana 4:

        2a   3a   4a   5a   6a
   8-9   0    0   -1    0    0   
  9-10  548    0   -1    0    0   
 10-11   0    0   -1    0    0   
 11-12   0    0   -1    0    0   
 12-13  -1   -1   -1   -1   -1   
 13-14   0    0    0    0    0   
 14-15   0    0    0    0    0   
 15-16   0   -1    0    0    0   
 16-17   0   -1    0    0    0   
 17-18   0    0    0    0   -1   
