Guilherme Cardoso Carvalho
45732
ginecologista

Semana 1:

        2a   3a   4a   5a   6a
   8-9   0    0    0    0    0   
  9-10   0    0    0    0    0   
 10-11   0    0    0    0    0   
 11-12  235  235   0    0   -1   
 12-13  -1   -1   -1   -1   -1   
 13-14   0    0    0    0   -1   
 14-15  -1    0    0    0    0   
 15-16   0    0    0   346  -1   
 16-17   0   -1    0    0    0   
 17-18   0   -1    0    0    0   

Semana 2:

        2a   3a   4a   5a   6a
   8-9   0    0    0    0    0   
  9-10   0    0    0    0    0   
 10-11   0    0    0    0    0   
 11-12  234  341   0    0   -1   
 12-13  -1   -1   -1   -1   -1   
 13-14   0    0    0    0   -1   
 14-15  -1    0    0    0    0   
 15-16   0    0    0   975  -1   
 16-17   0   -1    0    0    0   
 17-18   0   -1    0    0    0   

Semana 3:

        2a   3a   4a   5a   6a
   8-9   0    0    0    0    0   
  9-10   0    0    0    0    0   
 10-11   0    0    0    0    0   
 11-12   0   457   0    0   -1   
 12-13  -1   -1   -1   -1   -1   
 13-14   0    0    0    0   -1   
 14-15  -1    0    0    0    0   
 15-16   0    0    0    0   -1   
 16-17   0   -1    0    0    0   
 17-18   0   -1    0    0    0   

Semana 4:

        2a   3a   4a   5a   6a
   8-9   0    0    0    0    0   
  9-10   0    0    0    0    0   
 10-11   0    0    0    0    0   
 11-12   0   340   0    0   -1   
 12-13  -1   -1   -1   -1   -1   
 13-14   0    0    0    0   -1   
 14-15  -1    0    0    0    0   
 15-16   0    0    0    0   -1   
 16-17   0   -1    0    0    0   
 17-18   0   -1    0    0    0   
