Julian Gomes Cavalcanti
45723
gastro

Semana 1:

        2a   3a   4a   5a   6a
   8-9   0    0    0    0    0   
  9-10   0    0   -1    0    0   
 10-11  678   0    0   -1    0   
 11-12  234   0   -1   -1    0   
 12-13  -1   -1   -1   -1   -1   
 13-14   0   -1    0   -1    0   
 14-15   0   -1    0   -1    0   
 15-16   0    0    0    0    0   
 16-17   0    0    0    0    0   
 17-18   0    0    0    0    0   

Semana 2:

        2a   3a   4a   5a   6a
   8-9   0    0    0    0    0   
  9-10   0    0   -1    0    0   
 10-11   0    0    0   -1    0   
 11-12  246   0   -1   -1    0   
 12-13  -1   -1   -1   -1   -1   
 13-14   0   -1    0   -1    0   
 14-15   0   -1    0   -1    0   
 15-16   0    0    0    0    0   
 16-17   0    0    0    0    0   
 17-18   0    0    0    0    0   

Semana 3:

        2a   3a   4a   5a   6a
   8-9   0    0    0    0    0   
  9-10   0    0   -1    0    0   
 10-11  567   0    0   -1    0   
 11-12  341   0   -1   -1    0   
 12-13  -1   -1   -1   -1   -1   
 13-14   0   -1    0   -1    0   
 14-15   0   -1    0   -1    0   
 15-16   0    0    0    0    0   
 16-17   0    0    0    0    0   
 17-18   0    0    0    0    0   

Semana 4:

        2a   3a   4a   5a   6a
   8-9   0    0    0    0    0   
  9-10   0    0   -1    0    0   
 10-11   0    0    0   -1    0   
 11-12  532   0   -1   -1    0   
 12-13  -1   -1   -1   -1   -1   
 13-14   0   -1    0   -1    0   
 14-15   0   -1    0   -1    0   
 15-16   0    0    0    0    0   
 16-17   0    0    0    0    0   
 17-18   0    0    0    0    0   
