Kaua Lima Santos
12446
dermatologista

Semana 1:

        2a   3a   4a   5a   6a
   8-9   0    0    0   -1    0   
  9-10   0    0    0   -1    0   
 10-11   0    0    0    0    0   
 11-12   0    0    0    0    0   
 12-13  -1   -1   -1   -1   -1   
 13-14   0    0   -1    0    0   
 14-15   0    0   -1    0   -1   
 15-16   0    0   -1    0    0   
 16-17   0    0   -1    0    0   
 17-18   0    0   -1    0   -1   

Semana 2:

        2a   3a   4a   5a   6a
   8-9   0    0    0   -1    0   
  9-10   0    0    0   -1    0   
 10-11   0    0    0    0    0   
 11-12  564   0    0    0    0   
 12-13  -1   -1   -1   -1   -1   
 13-14   0    0   -1    0    0   
 14-15   0    0   -1    0   -1   
 15-16   0    0   -1    0    0   
 16-17   0    0   -1    0    0   
 17-18   0    0   -1    0   -1   

Semana 3:

        2a   3a   4a   5a   6a
   8-9   0    0    0   -1    0   
  9-10   0    0    0   -1    0   
 10-11  542   0    0    0    0   
 11-12  234   0    0    0    0   
 12-13  -1   -1   -1   -1   -1   
 13-14   0    0   -1    0    0   
 14-15   0    0   -1    0   -1   
 15-16   0    0   -1    0    0   
 16-17   0   673  -1    0    0   
 17-18   0    0   -1    0   -1   

Semana 4:

        2a   3a   4a   5a   6a
   8-9   0    0    0   -1    0   
  9-10   0    0    0   -1    0   
 10-11   0    0    0    0    0   
 11-12  235   0    0    0    0   
 12-13  -1   -1   -1   -1   -1   
 13-14   0    0   -1    0    0   
 14-15   0    0   -1    0   -1   
 15-16   0    0   -1    0    0   
 16-17   0    0   -1    0    0   
 17-18   0    0   -1    0   -1   
