Leonardo Azevedo Martins
54623
ginecologista

Semana 1:

        2a   3a   4a   5a   6a
   8-9   0    0    0   -1    0   
  9-10   0    0    0   -1    0   
 10-11   0    0    0   -1    0   
 11-12  786   0    0   -1   -1   
 12-13  -1   -1   -1   -1   -1   
 13-14   0    0    0    0   -1   
 14-15   0    0    0    0    0   
 15-16  -1    0    0    0    0   
 16-17  -1    0    0    0    0   
 17-18  -1    0    0    0    0   

Semana 2:

        2a   3a   4a   5a   6a
   8-9   0    0    0   -1    0   
  9-10   0    0    0   -1    0   
 10-11  578   0    0   -1    0   
 11-12  572   0    0   -1   -1   
 12-13  -1   -1   -1   -1   -1   
 13-14   0    0    0    0   -1   
 14-15   0    0    0    0    0   
 15-16  -1    0    0    0    0   
 16-17  -1    0    0    0    0   
 17-18  -1    0    0    0    0   

Semana 3:

        2a   3a   4a   5a   6a
   8-9   0    0    0   -1    0   
  9-10   0    0    0   -1    0   
 10-11   0    0    0   -1    0   
 11-12  345   0    0   -1   -1   
 12-13  -1   -1   -1   -1   -1   
 13-14   0    0    0    0   -1   
 14-15   0    0    0    0    0   
 15-16  -1    0    0    0    0   
 16-17  -1    0    0    0    0   
 17-18  -1    0    0    0    0   

Semana 4:

        2a   3a   4a   5a   6a
   8-9   0    0    0   -1    0   
  9-10   0    0    0   -1    0   
 10-11  233   0    0   -1    0   
 11-12  346   0    0   -1   -1   
 12-13  -1   -1   -1   -1   -1   
 13-14   0    0    0    0   -1   
 14-15   0    0    0    0    0   
 15-16  -1    0    0    0    0   
 16-17  -1    0    0    0    0   
 17-18  -1    0    0    0    0   
